0101 0000
0001 0000
1001 0000
0000 0000
0000 0000
0000 0000
0000 0000
0000 0000
0000 0000
0000 0000
0000 0000
0000 0000
0000 0000
0000 0000
0000 0000
0000 0000
0101 0000
0000 0001
0111 0000
0000 0011
0101 0000
1100 1000
0111 0000
0000 0100
0101 0000
0000 0110
0111 0000
0000 0101
0000 0000
0000 0000
0101 0000
0000 0011
0110 0000
0000 0011
0110 0000
0000 0100
0001 0000
1000 0000
0101 0000
0101 0001
0000 0101
0110 0000
0001 0010
1000 0000
0101 0010
0011 0010
1000 0000
0010 0001
0000 0000
0000 0000
0110 0000
0000 0011
0011 0000
0110 0000
0000 0100
0101 0101
0001 1110
1010 0011
0011 0100
1110 0000
